---
ohms_cat:
  id: 1
  name: Aiko
  age: 7
  user_id: 3
  created_at: 2015-03-02 23:16:37.459757000 Z
  updated_at: 2015-03-02 23:16:37.459757000 Z
