---
ohms_cat:
  id: 5
  name: Aiko
  age: 7
  user_id: 15
  created_at: 2015-03-01 03:25:13.402680000 Z
  updated_at: 2015-03-01 03:25:13.402680000 Z
