---
ohms_cat:
  id: 6
  name: Aiko
  age: 7
  user_id: 18
  created_at: 2015-03-01 20:11:12.691867000 Z
  updated_at: 2015-03-01 20:11:12.691867000 Z
