---
ohms_cat:
  id: 1
  name: Aiko
  age: 7
  user_id: 20
  created_at: 2015-01-28 01:14:45.901970000 Z
  updated_at: 2015-01-28 01:14:45.901970000 Z
