---
ohms_cat:
  id: 2
  name: Aiko
  age: 7
  user_id: 6
  created_at: 2015-01-30 00:41:42.207680000 Z
  updated_at: 2015-01-30 00:41:42.207680000 Z
