---
ohms_cat:
  id: 3
  name: Aiko
  age: 7
  user_id: 9
  created_at: 2015-02-28 19:17:25.402959000 Z
  updated_at: 2015-02-28 19:17:25.402959000 Z
